0.289977 0.182911 0.140088 0.0901082 0.118665 0.140088 0.204312 0.461291 0.661155 0.696839 0.739685 0.668293 0.589775 0.454153 0.304253 0.389911 0.404187 0.589775 0.761085 0.782508 0.689705 0.582637 0.489843 0.389911 
0.226004 0.127768 0.0930975 0.0873228 0.0815481 0.139318 0.220232 0.370465 0.613157 0.722949 0.705603 0.688278 0.630493 0.555374 0.561153 0.578486 0.590045 0.520703 0.509147 0.699828 0.688278 0.60738 0.439806 0.364686 
0.749604 0.579911 0.49507 0.431438 0.410227 0.389017 0.431438 0.134494 0.198129 0.282963 0.452648 0.431438 0.452648 0.346596 0.325386 0.282963 0.282963 0.282963 0.198129 0.346596 0.558701 0.982902 0.961706 0.813239 
0.266896 0.188731 0.130124 0.104081 0.11058 0.130124 0.0780153 0.345047 0.599047 0.690226 0.755356 0.722791 0.6772 0.599047 0.618586 0.651148 0.651148 0.60556 0.592534 0.546945 0.449253 0.44274 0.475305 0.390638 
0.230572 0.135989 0.102881 0.0839712 0.0839712 0.12179 0.225844 0.46231 0.594733 0.684587 0.632567 0.637296 0.599461 0.53798 0.523792 0.561626 0.590002 0.746071 0.731895 0.694053 0.575814 0.547439 0.410288 0.306241 
0.534087 0.387968 0.27838 0.254026 0.193147 0.205331 0.193147 0.31491 0.205331 0.387968 0.534087 0.55844 0.570617 0.473205 0.387968 0.363615 0.31491 0.327087 0.339261 0.534087 0.97244 0.923728 0.850673 0.716744 
0.470631 0.320336 0.204719 0.135355 0.135355 0.158476 0.0544409 0.285654 0.528437 0.840595 0.863717 0.852145 0.713415 0.632486 0.493754 0.447509 0.435948 0.435948 0.447509 0.470631 0.378142 0.401264 0.620925 0.493754 
0.201979 0.139363 0.105983 0.0976267 0.0892703 0.12684 0.193646 0.398179 0.598548 0.665338 0.677861 0.656989 0.631942 0.548456 0.577676 0.594372 0.640292 0.627768 0.723787 0.673685 0.586025 0.519235 0.423226 0.323042 
0.190475 0.10005 0.113615 0.0955206 0.0955206 0.12265 0.20404 0.470854 0.529641 0.692445 0.701481 0.687916 0.597473 0.565818 0.588428 0.59295 0.606518 0.615562 0.692445 0.669827 0.583908 0.534164 0.434677 0.33519 
0.279623 0.181756 0.152973 0.12419 0.12419 0.158725 0.101159 0.25084 0.544425 0.722881 0.740138 0.734386 0.676826 0.642287 0.6538 0.67107 0.682572 0.613504 0.521398 0.561694 0.417782 0.406268 0.463833 0.394755 
0.335495 0.170162 0.170162 0.087504 0.087504 0.190837 0.273497 0.170162 0.41816 0.666151 0.748811 0.79014 0.728158 0.645484 0.562822 0.62482 0.562822 0.562822 0.480158 0.376829 0.294164 0.686806 0.645484 0.542155 
0.223334 0.138004 0.0981702 0.0868019 0.0754337 0.126614 0.206259 0.502079 0.661366 0.718262 0.701187 0.649989 0.615854 0.570345 0.576034 0.598788 0.581722 0.513456 0.502079 0.723946 0.627232 0.570345 0.45657 0.297285 
0.230112 0.160469 0.100095 0.0861679 0.0815254 0.114022 0.220821 0.420504 0.60625 0.685199 0.680556 0.652686 0.569102 0.550525 0.541238 0.545883 0.573744 0.74555 0.72698 0.65733 0.583031 0.569102 0.406572 0.313699 
0.252747 0.164342 0.113819 0.0696137 0.0696137 0.1075 0.164342 0.379048 0.568497 0.707437 0.720051 0.720051 0.650593 0.581127 0.587443 0.593759 0.650593 0.562184 0.511663 0.530608 0.650593 0.593759 0.486403 0.385364 
0.232501 0.126296 0.105055 0.0838127 0.0731917 0.126296 0.232501 0.397115 0.598902 0.710404 0.710404 0.678563 0.625452 0.53518 0.53518 0.577662 0.572352 0.540489 0.55642 0.76883 0.652004 0.577662 0.466148 0.338704 
0.641032 0.367215 0.354176 0.262904 0.236825 0.249864 0.0412383 0.106436 0.197699 0.354176 0.53672 0.601916 0.641032 0.484565 0.432409 0.380253 0.328097 0.393292 0.445448 0.53672 0.667111 0.940939 0.836609 0.784456 
0.318284 0.265248 0.181892 0.121292 0.0455184 0.136442 0.212215 0.356169 0.348594 0.477399 0.568323 0.59863 0.5759 0.500131 0.424363 0.341016 0.454669 0.712283 0.772906 0.818357 0.79562 0.75017 0.606207 0.439516 
0.392441 0.285239 0.19591 0.142307 0.115494 0.12444 0.204833 0.276308 0.267374 0.454975 0.526444 0.59791 0.606844 0.428176 0.401375 0.383507 0.392441 0.65151 0.794443 0.839123 0.821255 0.758707 0.642577 0.51751 
0.253956 0.173219 0.129739 0.104896 0.104896 0.117329 0.0986911 0.303639 0.564482 0.719756 0.725961 0.744576 0.682481 0.607956 0.607956 0.632798 0.632798 0.601746 0.539639 0.527218 0.471324 0.477535 0.552061 0.446482 
0.208411 0.153313 0.115177 0.0982155 0.0982155 0.115177 0.212646 0.411853 0.555956 0.670388 0.661912 0.657675 0.606814 0.594101 0.560193 0.568669 0.598338 0.742448 0.69582 0.691585 0.602577 0.522048 0.390661 0.288942 
0.21491 0.145432 0.106345 0.0846279 0.0802799 0.175823 0.201889 0.392975 0.627492 0.709996 0.714344 0.67092 0.644864 0.562349 0.553662 0.571034 0.61012 0.605777 0.701323 0.679605 0.56669 0.50589 0.401662 0.293091 
0.266799 0.185312 0.109629 0.097989 0.086349 0.138752 0.196952 0.307546 0.592762 0.749921 0.767381 0.767381 0.715001 0.621867 0.598582 0.610225 0.604405 0.546195 0.517093 0.470526 0.453064 0.56948 0.493809 0.35411 
0.203021 0.142579 0.0871643 0.0771095 0.0771095 0.117397 0.197994 0.510274 0.641234 0.706712 0.701685 0.68153 0.626124 0.535459 0.535459 0.585828 0.575755 0.530423 0.56568 0.71679 0.621088 0.555607 0.454868 0.374279 
0.260895 0.190203 0.119503 0.0912405 0.0629557 0.126568 0.218488 0.352795 0.50125 0.550734 0.670911 0.68504 0.635565 0.550734 0.472972 0.472972 0.480042 0.68504 0.762806 0.784026 0.699194 0.607287 0.465903 0.374002 
0.232232 0.146293 0.0979664 0.0764754 0.0818425 0.119435 0.210743 0.468561 0.592097 0.737126 0.721002 0.66729 0.629693 0.533013 0.543757 0.527642 0.565241 0.527642 0.570612 0.774718 0.635065 0.565241 0.447076 0.350396 
0.359169 0.222179 0.149101 0.121722 0.112573 0.15825 0.258707 0.33177 0.63316 0.770166 0.770166 0.724489 0.624027 0.4779 0.377436 0.395702 0.413968 0.350036 0.413968 0.843222 0.770166 0.66056 0.487033 0.395702 
0.242482 0.137801 0.102903 0.0854658 0.0796458 0.126161 0.225035 0.38206 0.603059 0.707754 0.725191 0.725191 0.626324 0.533271 0.539087 0.527456 0.556533 0.539087 0.539087 0.765909 0.655403 0.591429 0.428587 0.376244 
0.304029 0.202976 0.139816 0.114543 0.0766566 0.12718 0.266133 0.253501 0.480882 0.695638 0.758798 0.758798 0.746162 0.645104 0.632472 0.657736 0.695638 0.581942 0.531412 0.442986 0.291397 0.493514 0.51878 0.405089 
0.230341 0.157593 0.0969473 0.0787626 0.109086 0.109086 0.206078 0.363726 0.55774 0.763893 0.751755 0.739639 0.654749 0.600181 0.612308 0.612308 0.594119 0.533489 0.5153 0.478921 0.521362 0.642622 0.503175 0.387977 
0.249735 0.142715 0.0920105 0.0863717 0.0920105 0.120182 0.227202 0.334232 0.565184 0.700371 0.717265 0.683478 0.604615 0.525753 0.553918 0.553918 0.582083 0.548286 0.553918 0.779247 0.666579 0.621514 0.46379 0.356762 
0.214593 0.145546 0.11101 0.0937542 0.0808008 0.119639 0.205965 0.387223 0.641854 0.672066 0.672066 0.646171 0.611645 0.538276 0.572802 0.568486 0.620277 0.680692 0.715227 0.685017 0.568486 0.521013 0.426065 0.322485 
0.52771 0.377186 0.289381 0.239207 0.201572 0.201572 0.251751 0.327012 0.226663 0.377186 0.515166 0.590428 0.56534 0.477535 0.364643 0.327012 0.289381 0.289381 0.364643 0.552797 0.991825 0.916572 0.841297 0.715861 
0.280554 0.208728 0.142896 0.112981 0.106979 0.136917 0.112981 0.316466 0.543899 0.711491 0.747384 0.741406 0.693532 0.645647 0.663601 0.657616 0.675572 0.615721 0.55587 0.513975 0.412227 0.406241 0.424197 0.394273 
0.369965 0.257926 0.155215 0.117872 0.108542 0.117872 0.220572 0.285937 0.351291 0.453993 0.603377 0.62205 0.62205 0.49134 0.360628 0.388639 0.444657 0.696748 0.799447 0.82746 0.799447 0.696748 0.584705 0.444657 
0.465689 0.330885 0.196091 0.134811 0.12256 0.159314 0 0.281865 0.575984 0.78432 0.870103 0.8456 0.735291 0.563728 0.428924 0.490199 0.477943 0.465689 0.465689 0.514709 0.453434 0.428924 0.575984 0.453434 
0.247964 0.172041 0.131188 0.11366 0.11366 0.125345 0.11366 0.283 0.557448 0.726799 0.720957 0.709271 0.703429 0.621681 0.615843 0.645038 0.6392 0.668395 0.516575 0.534091 0.452341 0.464019 0.510734 0.434823 
0.198401 0.147787 0.106368 0.0879795 0.0879795 0.110965 0.21679 0.433052 0.561882 0.617095 0.607894 0.663107 0.672309 0.575685 0.575685 0.617095 0.6355 0.699918 0.686104 0.695321 0.58949 0.506669 0.414647 0.313422 
0.498007 0.322965 0.21525 0.161398 0.147923 0.201775 0.0401966 0.282572 0.524938 0.834617 0.955818 0.861565 0.686512 0.498007 0.444149 0.457613 0.457613 0.457613 0.41722 0.457613 0.403755 0.390289 0.61919 0.484542 
0.191472 0.136374 0.0868019 0.0812763 0.0923049 0.147403 0.246569 0.340231 0.571631 0.714887 0.698356 0.670803 0.610197 0.555102 0.538575 0.582651 0.577141 0.538575 0.522046 0.753454 0.703859 0.610197 0.46695 0.384306 
0.251578 0.165927 0.119797 0.10005 0.0868699 0.10664 0.218624 0.271344 0.528296 0.627125 0.732551 0.732551 0.712781 0.60077 0.613948 0.633713 0.693011 0.646891 0.561239 0.548062 0.501943 0.567827 0.429468 0.370171 
0.357722 0.298365 0.199443 0.169754 0.130192 0.149962 0.258791 0.318151 0.268685 0.466545 0.605048 0.624834 0.595154 0.466545 0.367614 0.337937 0.367614 0.446759 0.852371 0.911726 0.802912 0.773223 0.595154 0.456652 
0.227424 0.13737 0.110354 0.0923276 0.0833371 0.146383 0.227424 0.430055 0.659702 0.704742 0.704742 0.677703 0.632685 0.524616 0.529118 0.538124 0.569645 0.619177 0.727252 0.709226 0.574147 0.511108 0.389529 0.294968 
0.249341 0.163798 0.124304 0.104556 0.104556 0.117714 0.183523 0.288826 0.505997 0.690271 0.736333 0.74949 0.696839 0.617872 0.637615 0.650777 0.670519 0.591549 0.552063 0.492835 0.473091 0.584968 0.473091 0.361217 
0.444777 0.308755 0.183183 0.0890212 0.120409 0.172721 0.0471715 0.172721 0.528484 0.758685 0.831922 0.800534 0.654045 0.549411 0.465704 0.48663 0.444777 0.48663 0.444777 0.476167 0.48663 0.695887 0.654045 0.518022 
0.209837 0.151094 0.0972644 0.0874813 0.0923728 0.126636 0.244096 0.434974 0.596488 0.65522 0.65522 0.64543 0.601381 0.532862 0.532862 0.56712 0.586698 0.596488 0.758005 0.762897 0.640536 0.532862 0.439869 0.273461 
0.274138 0.193646 0.137914 0.119322 0.119322 0.137914 0.113139 0.298908 0.503259 0.73237 0.781919 0.769532 0.744757 0.608531 0.608531 0.639492 0.645684 0.552799 0.53422 0.50945 0.447527 0.459911 0.497065 0.391795 
0.523846 0.43168 0.326346 0.260515 0.23418 0.221025 0.286847 0.115676 0.194687 0.365848 0.51068 0.563345 0.563345 0.484347 0.39218 0.39218 0.300014 0.352679 0.339513 0.497513 0.945174 0.958354 0.839848 0.721342 
0.278722 0.170932 0.135015 0.0930975 0.0691381 0.135015 0.117034 0.31465 0.584118 0.703882 0.745799 0.733819 0.661964 0.614059 0.620046 0.638011 0.643999 0.590106 0.566153 0.542201 0.494295 0.470342 0.494295 0.404473 
0.565542 0.371749 0.255471 0.165044 0.139205 0.177952 0.255471 0.0875266 0.229632 0.436346 0.61722 0.630139 0.630139 0.488025 0.371749 0.397588 0.397588 0.384669 0.436346 0.681824 0.681824 0.978962 0.78518 0.655979 
0.344717 0.247398 0.141243 0.123534 0.114702 0.167784 0.282787 0.335869 0.565893 0.778228 0.78706 0.725146 0.636668 0.495115 0.380106 0.380106 0.353564 0.353564 0.42434 0.840142 0.78706 0.663209 0.495115 0.397799 
0.209294 0.136374 0.0999139 0.0790797 0.0842882 0.125957 0.230142 0.370789 0.594785 0.730219 0.68855 0.631249 0.584367 0.537484 0.55832 0.573948 0.573948 0.532275 0.553112 0.771887 0.683342 0.626041 0.469764 0.375998 
0.405738 0.291021 0.176299 0.0998234 0.0998234 0.112573 0.201798 0.240034 0.392991 0.711649 0.839123 0.788124 0.711649 0.698899 0.469469 0.405738 0.443977 0.443977 0.43123 0.456723 0.558694 0.788124 0.571441 0.482216 
0.228586 0.146927 0.103379 0.0761583 0.087051 0.125142 0.228586 0.348354 0.620551 0.745754 0.762104 0.729426 0.674992 0.625995 0.598775 0.544336 0.604219 0.560669 0.506228 0.495339 0.484451 0.620551 0.506228 0.397348 
0.518429 0.333559 0.20558 0.148693 0.162915 0.177137 0.00647674 0.276675 0.561092 0.817066 0.902396 0.831288 0.731736 0.575314 0.404663 0.447326 0.475767 0.433105 0.447326 0.447326 0.447326 0.390441 0.617976 0.461546 
0.346823 0.240024 0.125006 0.108587 0.0839259 0.133226 0.24824 0.453619 0.560417 0.749355 0.757575 0.700077 0.568631 0.494696 0.379682 0.404328 0.379682 0.396114 0.51934 0.831514 0.831514 0.642568 0.478264 0.387898 
0.235011 0.0837447 0.140473 0.121563 0.121563 0.0963585 0.190883 0.392581 0.600571 0.720322 0.726618 0.732936 0.676206 0.587966 0.600571 0.613178 0.657297 0.569059 0.556452 0.512333 0.61948 0.518635 0.411488 0.335855 
0.263137 0.180398 0.110399 0.0785815 0.0913085 0.116763 0.123126 0.40315 0.606803 0.740455 0.734091 0.734091 0.676811 0.600439 0.594076 0.644988 0.625896 0.587712 0.517705 0.485885 0.479519 0.498612 0.524068 0.40315 
0.197473 0.133362 0.101295 0.0875719 0.101295 0.137937 0.211219 0.403558 0.554685 0.669174 0.678337 0.60048 0.614219 0.577583 0.586743 0.650856 0.632538 0.692083 0.701232 0.678337 0.582162 0.513468 0.3944 0.321126 
0.438964 0.320621 0.202274 0.1431 0.123375 0.133249 0.231865 0.310759 0.26145 0.41924 0.57703 0.586893 0.57703 0.478412 0.369931 0.379793 0.330484 0.438964 0.784139 0.803863 0.882739 0.803863 0.70524 0.517859 
0.724671 0.580029 0.394055 0.373393 0.29074 0.311402 0.373393 0.146089 0.228749 0.352729 0.476711 0.5387 0.518038 0.41472 0.352729 0.29074 0.332067 0.249411 0.29074 0.352729 0.394055 0.951968 0.951968 0.931315 
0.266101 0.206169 0.146248 0.126274 0.1063 0.126274 0.1063 0.299393 0.485839 0.718896 0.752185 0.745527 0.732212 0.632332 0.632332 0.64565 0.658968 0.599038 0.559086 0.532452 0.419251 0.412593 0.485839 0.425911 
0.170388 0.148897 0.110173 0.0972644 0.101567 0.114475 0.222021 0.419874 0.587629 0.677952 0.677952 0.656452 0.622039 0.570424 0.566122 0.596232 0.613438 0.699466 0.708071 0.660752 0.570424 0.518807 0.389766 0.320943 
0.215839 0.156099 0.118099 0.0909461 0.0855338 0.107251 0.210404 0.449297 0.726188 0.709905 0.70447 0.699058 0.671903 0.53074 0.547027 0.552457 0.552457 0.519881 0.552457 0.726188 0.60132 0.53074 0.427581 0.33528 
0.36628 0.227449 0.12333 0.0712668 0.05392 0.140677 0.244803 0.227449 0.400987 0.643944 0.678654 0.748064 0.730717 0.626591 0.557174 0.626591 0.661298 0.539821 0.487758 0.45305 0.36628 0.748064 0.661298 0.435696 
0.188369 0.156166 0.105553 0.0963359 0.0871416 0.123964 0.20678 0.455291 0.616357 0.717605 0.717605 0.699194 0.68538 0.630164 0.611756 0.561135 0.551932 0.561135 0.510515 0.653173 0.602552 0.556533 0.423078 0.303429 
0.29351 0.171022 0.130192 0.109765 0.109765 0.109765 0.211853 0.222044 0.43642 0.701821 0.763078 0.752865 0.701821 0.620162 0.589538 0.691607 0.660992 0.589538 0.507874 0.487459 0.456835 0.599746 0.497667 0.405797 
0.673724 0.489302 0.333253 0.262322 0.248134 0.290693 0.290693 0.0495267 0.248134 0.560234 0.602792 0.61698 0.61698 0.546048 0.333253 0.30488 0.290693 0.276507 0.290693 0.389997 0.503487 1 0.886521 0.716291 
